X = 20
Y = 20
P = (377.7143, 176.82141)
Q = (358.85715, 711.6428)
Pprime = (377.7143, 176.82141)
Qprime = (358.85715, 711.6428)
PQnormal = (-534.8214, -18.857147)
PQprime = (-18.857147, 534.8214)
PQ = (-18.857147, 534.8214)
XP = (357.7143, 156.82141)
PX = (-357.7143, -156.82141)
Distance = -363.01804931429854
Fraction = -144.11928762682342
Percent = -0.2693044547608617
newPoint(370.00098, 395.58423)
Weight = 7.588701839096909E-6
Getting = (370, 395)